Fri Apr  5 12:57:34 PDT 2013
Warning: Permanently added 'sbx82-002,192.168.100.37' (RSA) to the list of known hosts.
Elapsed time = 1.307011e-03 seconds

120 120 120 120 120 120 120 120 120 120 120 120 120 120 120 120 
376 376 376 376 376 376 376 376 376 376 376 376 376 376 376 376 
632 632 632 632 632 632 632 632 632 632 632 632 632 632 632 632 
888 888 888 888 888 888 888 888 888 888 888 888 888 888 888 888 
1144 1144 1144 1144 1144 1144 1144 1144 1144 1144 1144 1144 1144 1144 1144 1144 
1400 1400 1400 1400 1400 1400 1400 1400 1400 1400 1400 1400 1400 1400 1400 1400 
1656 1656 1656 1656 1656 1656 1656 1656 1656 1656 1656 1656 1656 1656 1656 1656 
1912 1912 1912 1912 1912 1912 1912 1912 1912 1912 1912 1912 1912 1912 1912 1912 
2168 2168 2168 2168 2168 2168 2168 2168 2168 2168 2168 2168 2168 2168 2168 2168 
2424 2424 2424 2424 2424 2424 2424 2424 2424 2424 2424 2424 2424 2424 2424 2424 
2680 2680 2680 2680 2680 2680 2680 2680 2680 2680 2680 2680 2680 2680 2680 2680 
2936 2936 2936 2936 2936 2936 2936 2936 2936 2936 2936 2936 2936 2936 2936 2936 
3192 3192 3192 3192 3192 3192 3192 3192 3192 3192 3192 3192 3192 3192 3192 3192 
3448 3448 3448 3448 3448 3448 3448 3448 3448 3448 3448 3448 3448 3448 3448 3448 
3704 3704 3704 3704 3704 3704 3704 3704 3704 3704 3704 3704 3704 3704 3704 3704 
3960 3960 3960 3960 3960 3960 3960 3960 3960 3960 3960 3960 3960 3960 3960 3960 Fri Apr  5 12:57:35 PDT 2013
